0 0 0 0 0 2 2 0 0 . 0 2 10 0 0 7 . 0 0 0 0 0 2 2 0 0 . 0 0 10 10 7 . 0 10 0 0 . 3 2 . 0 0 0 0 2 2 0 . 0 0 0 0 2 2 0 0 . 0 0 0 2 0 . 0 0 0 0 . 0 2 10 0 2 7 . 0 0 0 0 10 2 0 . 0 0 0 0 2 0 0 7 . 0 0 0 10 7 0 . 0 0 0 0 0 2 2 0 0 2 0 2 0 10 0 7 . 0 0 0 0 10 2 0 0 . 2 0 2 0 10 0 10 0 7 . 0 0 0 0 5 5 2 0 0 2 0 0 7 . 0 0 0 0 0 2 2 0 0 . 0 0 0 0 0 2 2 0 . 0 0 0 2 0 0 7 . 0 0 0 2 0 2 2 0 . 0 0 0 0 0 2 2 0 . 5 2 5 2 0 . 0 10 7 0 . 5 2 5 2 0 . 0 0 0 0 0 2 2 0 . 0 0 0 0 0 10 2 0 . 5 . 5 2 5 2 0 . 0 10 7 0 0 . 5 2 5 2 0 . 

2 4 5 4 2 0 . 3 2 7 3 3 2 0 7 . 2 4 2 4 2 0 7 . 2 2 0 2 0 . 2 0 10 7 . 2 4 2 0 7 7 5 7 2 5 2 7 2 5 3 5 0 . 2 4 2 0 10 0 7 . 7 5 7 5 2 0 . 7 5 7 2 5 7 2 4 2 0 7 2 . 2 2 3 2 0 10 0 . 4 2 0 10 7 . 4 2 0 10 0 7 . 4 2 0 10 0 7 . 5 3 5 7 5 7 9 7 5 7 2 5 . 7 2 5 7 5 7 5 7 2 5 2 4 2 0 10 7 . 5 2 4 2 0 10 7 9 7 5 7 9 7 5 2 4 2 0 10 7 . 5 2 4 2 0 10 7 . 

7 5 . 7 9 7 5 7 9 7 5 . 2 . 2 7 5 7 9 7 5 2 7 2 . 2 7 9 7 5 7 5 7 2 . 0 7 7 7 9 7 5 7 2 5 . 7 2 . 2 7 5 7 9 7 5 7 2 . 

2 0 2 0 10 0 7 9 7 . 5 0 2 0 2 0 10 . 0 0 0 0 . 7 5 0 . 7 10 7 . 7 2 . 7 5 7 . 2 0 2 0 10 0 0 . 2 0 2 0 10 0 7 . 2 0 2 0 10 0 7 . 5 5 . 5 2 4 2 0 10 0 . 0 10 . 

7 5 7 2 . 5 . 5 2 7 5 7 2 . 7 5 . 5 2 7 5 7 2 . 7 5 7 2 7 5 7 5 2 . 2 7 5 7 5 2 . 0 5 7 2 . 7 5 7 5 2 . 2 0 5 2 7 5 7 5 2 7 5 0 . 5 0 7 5 7 5 2 . 5 0 5 7 2 7 5 7 5 2 . 2 0 5 . 0 2 . 7 5 7 5 2 . 5 0 . 5 7 2 7 5 7 5 2 . 5 0 . 5 . 5 2 7 5 7 5 2 . 2 0 5 . 5 2 7 5 7 5 2 . 5 0 . 5 . 5 2 7 5 7 5 2 . 5 0 . 5 . 5 2 7 5 7 5 2 . 5 0 . 5 . 5 2 7 5 7 5 2 . 5 0 . 5 . 5 2 7 5 7 5 2 . 5 0 . 5 2 5 2 7 5 7 5 2 7 5 7 5 . 7 2 7 5 7 5 2 . 

